14/05/2026 11:18:49
Spectrometer: USB2G38355
Integration time (ms): 22.0
Scans averaged: 30

Wavelength,Absorbance
350.000,NaN
351.000,NaN
352.000,NaN
353.000,NaN
354.000,NaN
355.000,NaN
356.000,NaN
357.000,NaN
358.000,NaN
359.000,NaN
360.000,NaN
361.000,NaN
362.000,NaN
363.000,NaN
364.000,NaN
365.000,NaN
366.000,NaN
367.000,NaN
368.000,NaN
369.000,NaN
370.000,NaN
371.000,NaN
372.000,NaN
373.000,NaN
374.000,NaN
375.000,NaN
376.000,NaN
377.000,NaN
378.000,NaN
379.000,NaN
380.000,NaN
381.000,NaN
382.000,NaN
383.000,NaN
384.000,NaN
385.000,NaN
386.000,NaN
387.000,NaN
388.000,NaN
389.000,NaN
390.000,NaN
391.000,NaN
392.000,NaN
393.000,NaN
394.000,NaN
395.000,NaN
396.000,1.080
397.000,NaN
398.000,NaN
399.000,1.024
400.000,NaN
401.000,0.568
402.000,0.441
403.000,0.407
404.000,0.385
405.000,0.331
406.000,0.319
407.000,0.304
408.000,0.315
409.000,0.188
410.000,0.153
411.000,0.129
412.000,0.109
413.000,0.072
414.000,0.068
415.000,0.052
416.000,0.045
417.000,0.042
418.000,0.036
419.000,0.027
420.000,0.032
421.000,0.023
422.000,0.027
423.000,0.019
424.000,0.021
425.000,0.021
426.000,0.018
427.000,0.017
428.000,0.024
429.000,0.022
430.000,0.019
431.000,0.021
432.000,0.020
433.000,0.022
434.000,0.021
435.000,0.022
436.000,0.025
437.000,0.024
438.000,0.025
439.000,0.027
440.000,0.026
441.000,0.028
442.000,0.030
443.000,0.033
444.000,0.033
445.000,0.035
446.000,0.036
447.000,0.037
448.000,0.039
449.000,0.040
450.000,0.041
451.000,0.043
452.000,0.043
453.000,0.044
454.000,0.044
455.000,0.044
456.000,0.044
457.000,0.044
458.000,0.044
459.000,0.044
460.000,0.046
461.000,0.045
462.000,0.048
463.000,0.050
464.000,0.052
465.000,0.054
466.000,0.058
467.000,0.061
468.000,0.063
469.000,0.065
470.000,0.069
471.000,0.073
472.000,0.075
473.000,0.077
474.000,0.081
475.000,0.086
476.000,0.089
477.000,0.094
478.000,0.096
479.000,0.101
480.000,0.104
481.000,0.111
482.000,0.115
483.000,0.120
484.000,0.126
485.000,0.132
486.000,0.134
487.000,0.141
488.000,0.148
489.000,0.153
490.000,0.158
491.000,0.165
492.000,0.173
493.000,0.179
494.000,0.185
495.000,0.192
496.000,0.197
497.000,0.205
498.000,0.212
499.000,0.220
500.000,0.224
501.000,0.234
502.000,0.238
503.000,0.247
504.000,0.255
505.000,0.262
506.000,0.268
507.000,0.275
508.000,0.286
509.000,0.291
510.000,0.300
511.000,0.308
512.000,0.317
513.000,0.324
514.000,0.335
515.000,0.343
516.000,0.355
517.000,0.366
518.000,0.376
519.000,0.385
520.000,0.397
521.000,0.408
522.000,0.419
523.000,0.430
524.000,0.441
525.000,0.454
526.000,0.468
527.000,0.479
528.000,0.494
529.000,0.506
530.000,0.518
531.000,0.532
532.000,0.546
533.000,0.559
534.000,0.574
535.000,0.587
536.000,0.600
537.000,0.614
538.000,0.629
539.000,0.644
540.000,0.660
541.000,0.675
542.000,0.690
543.000,0.705
544.000,0.721
545.000,0.735
546.000,0.748
547.000,0.762
548.000,0.776
549.000,0.792
550.000,0.806
551.000,0.824
552.000,0.839
553.000,0.854
554.000,0.870
555.000,0.888
556.000,0.903
557.000,0.922
558.000,0.941
559.000,0.959
560.000,0.978
561.000,0.995
562.000,1.016
563.000,1.034
564.000,1.060
565.000,1.084
566.000,1.110
567.000,1.133
568.000,1.165
569.000,1.189
570.000,1.218
571.000,1.254
572.000,1.286
573.000,1.318
574.000,1.351
575.000,1.386
576.000,1.422
577.000,1.457
578.000,1.482
579.000,1.525
580.000,1.557
581.000,1.587
582.000,1.638
583.000,1.641
584.000,1.672
585.000,1.688
586.000,1.697
587.000,1.720
588.000,1.721
589.000,1.726
590.000,1.723
591.000,1.701
592.000,1.695
593.000,1.663
594.000,1.622
595.000,1.596
596.000,1.564
597.000,1.519
598.000,1.464
599.000,1.411
600.000,1.350
601.000,1.290
602.000,1.225
603.000,1.164
604.000,1.095
605.000,1.028
606.000,0.964
607.000,0.901
608.000,0.843
609.000,0.784
610.000,0.725
611.000,0.671
612.000,0.622
613.000,0.569
614.000,0.524
615.000,0.479
616.000,0.437
617.000,0.397
618.000,0.363
619.000,0.332
620.000,0.298
621.000,0.273
622.000,0.246
623.000,0.224
624.000,0.203
625.000,0.181
626.000,0.166
627.000,0.152
628.000,0.137
629.000,0.124
630.000,0.111
631.000,0.100
632.000,0.088
633.000,0.081
634.000,0.072
635.000,0.070
636.000,0.062
637.000,0.054
638.000,0.045
639.000,0.042
640.000,0.039
641.000,0.035
642.000,0.030
643.000,0.027
644.000,0.025
645.000,0.022
646.000,0.022
647.000,0.020
648.000,0.018
649.000,0.019
650.000,0.014
651.000,0.013
652.000,0.012
653.000,0.011
654.000,0.009
655.000,0.005
656.000,0.007
657.000,0.006
658.000,0.006
659.000,0.002
660.000,0.007
661.000,0.005
662.000,0.007
663.000,0.003
664.000,0.005
665.000,0.002
666.000,0.006
667.000,0.003
668.000,0.006
669.000,0.009
670.000,0.005
671.000,0.008
672.000,0.005
673.000,0.004
674.000,0.002
675.000,0.004
676.000,0.000
677.000,-0.002
678.000,0.004
679.000,0.005
680.000,0.004
681.000,0.004
682.000,0.007
683.000,0.009
684.000,0.011
685.000,0.008
686.000,0.010
687.000,0.009
688.000,0.012
689.000,0.009
690.000,0.011
691.000,0.013
692.000,0.015
693.000,0.011
694.000,0.015
695.000,0.013
696.000,0.013
697.000,0.015
698.000,0.016
699.000,0.017
700.000,0.012
701.000,0.016
702.000,0.017
703.000,0.015
704.000,0.019
705.000,0.020
706.000,0.007
707.000,0.014
708.000,0.007
709.000,0.015
710.000,0.019
711.000,0.017
712.000,0.020
713.000,0.018
714.000,0.016
715.000,0.014
716.000,0.014
717.000,0.017
718.000,0.024
719.000,0.019
720.000,0.017
721.000,0.010
722.000,0.009
723.000,0.017
724.000,0.012
725.000,0.014
726.000,0.009
727.000,0.013
728.000,0.010
729.000,0.015
730.000,0.013
731.000,0.015
732.000,0.016
733.000,0.016
734.000,0.017
735.000,0.011
736.000,0.016
737.000,0.008
738.000,0.021
739.000,0.016
740.000,0.007
741.000,0.011
742.000,0.020
743.000,0.011
744.000,0.015
745.000,0.020
746.000,0.016
747.000,0.009
748.000,0.017
749.000,0.015
750.000,0.017
751.000,0.026
752.000,0.018
753.000,0.027
754.000,0.017
755.000,0.021
756.000,0.028
757.000,0.019
758.000,0.034
759.000,0.018
760.000,0.034
761.000,0.024
762.000,0.038
763.000,0.027
764.000,0.029
765.000,0.025
766.000,0.023
767.000,0.018
768.000,0.036
769.000,0.036
770.000,0.037
771.000,0.027
772.000,0.025
773.000,0.049
774.000,0.043
775.000,0.039
776.000,0.041
777.000,0.039
778.000,0.052
779.000,0.048
780.000,0.050
781.000,0.058
782.000,0.058
783.000,0.049
784.000,0.070
785.000,0.063
786.000,0.063
787.000,0.057
788.000,0.090
789.000,0.072
790.000,0.066
791.000,0.069
792.000,0.082
793.000,0.063
794.000,0.074
795.000,0.108
796.000,0.079
797.000,0.077
798.000,0.083
799.000,0.072
800.000,0.089
801.000,0.111
802.000,0.091
803.000,0.077
804.000,0.091
805.000,0.084
806.000,0.063
807.000,0.087
808.000,0.077
809.000,0.099
810.000,0.086
811.000,0.085
812.000,0.124
813.000,0.095
814.000,0.125
815.000,0.136
816.000,0.123
817.000,0.116
818.000,0.161
819.000,0.102
820.000,0.102
821.000,0.128
822.000,0.143
823.000,0.174
824.000,0.112
825.000,0.144
826.000,0.192
827.000,0.138
828.000,0.163
829.000,0.238
830.000,0.247
831.000,0.222
832.000,0.231
833.000,0.231
834.000,0.267
835.000,0.296
836.000,0.244
837.000,0.224
838.000,0.394
839.000,0.369
840.000,0.313
841.000,0.334
842.000,0.381
843.000,0.392
844.000,0.494
845.000,0.480
846.000,0.290
847.000,0.483
848.000,0.728
849.000,0.690
850.000,1.619
851.000,0.513
852.000,0.662
853.000,0.624
854.000,0.882
855.000,0.755
856.000,1.023
857.000,1.097
858.000,NaN
859.000,NaN
860.000,NaN
861.000,0.884
862.000,NaN
863.000,NaN
864.000,NaN
865.000,NaN
866.000,NaN
867.000,0.819
868.000,NaN
869.000,NaN
870.000,NaN
871.000,NaN
872.000,NaN
873.000,NaN
874.000,NaN
875.000,NaN
876.000,NaN
877.000,NaN
878.000,NaN
879.000,NaN
880.000,NaN
881.000,NaN
882.000,NaN
883.000,NaN
884.000,NaN
885.000,NaN
886.000,NaN
887.000,NaN
888.000,NaN
889.000,NaN
890.000,NaN
891.000,NaN
892.000,NaN
893.000,NaN
894.000,NaN
895.000,NaN
896.000,NaN
897.000,NaN
898.000,NaN
899.000,-2.119
900.000,NaN
901.000,NaN
902.000,NaN
903.000,NaN
904.000,-1.274
905.000,NaN
906.000,NaN
907.000,NaN
908.000,NaN
909.000,NaN
910.000,-0.880
911.000,NaN
912.000,NaN
913.000,NaN
914.000,NaN
915.000,NaN
916.000,NaN
917.000,NaN
918.000,NaN
919.000,NaN
920.000,NaN
921.000,-1.602
922.000,NaN
923.000,NaN
924.000,-0.674
925.000,NaN
926.000,NaN
927.000,NaN
928.000,NaN
929.000,NaN
930.000,NaN
931.000,NaN
932.000,NaN
933.000,-1.178
934.000,-1.591
935.000,NaN
936.000,-1.272
937.000,NaN
938.000,NaN
939.000,NaN
940.000,NaN
941.000,NaN
942.000,NaN
943.000,NaN
944.000,NaN
945.000,-0.972
946.000,NaN
947.000,NaN
948.000,-1.445
949.000,NaN
950.000,-1.673
951.000,NaN
952.000,NaN
953.000,NaN
954.000,-0.962
955.000,NaN
956.000,-0.929
957.000,NaN
958.000,-0.746
959.000,NaN
960.000,-1.194
961.000,-2.703
962.000,-1.930
963.000,NaN
964.000,NaN
965.000,-2.629
966.000,-1.280
967.000,-1.436
968.000,NaN
969.000,NaN
970.000,-1.307
971.000,-0.824
972.000,NaN
973.000,-0.796
974.000,-0.729
975.000,NaN
976.000,-1.365
977.000,-0.842
978.000,-0.925
979.000,NaN
980.000,NaN
981.000,NaN
982.000,NaN
983.000,NaN
984.000,NaN
985.000,NaN
986.000,NaN
987.000,-0.660
988.000,NaN
989.000,NaN
990.000,-0.825
991.000,NaN
992.000,-0.859
993.000,NaN
994.000,NaN
995.000,-0.705
996.000,NaN
997.000,NaN
998.000,NaN
999.000,-1.700
1000.000,NaN
