14/05/2026 11:35:20
Spectrometer: USB2G38355
Integration time (ms): 22.0
Scans averaged: 30

Wavelength,Absorbance
350.000,NaN
351.000,NaN
352.000,NaN
353.000,NaN
354.000,NaN
355.000,NaN
356.000,NaN
357.000,NaN
358.000,NaN
359.000,NaN
360.000,NaN
361.000,NaN
362.000,NaN
363.000,NaN
364.000,NaN
365.000,NaN
366.000,NaN
367.000,NaN
368.000,NaN
369.000,NaN
370.000,NaN
371.000,NaN
372.000,NaN
373.000,NaN
374.000,NaN
375.000,NaN
376.000,NaN
377.000,NaN
378.000,NaN
379.000,NaN
380.000,NaN
381.000,NaN
382.000,NaN
383.000,NaN
384.000,NaN
385.000,NaN
386.000,NaN
387.000,NaN
388.000,NaN
389.000,NaN
390.000,NaN
391.000,NaN
392.000,NaN
393.000,NaN
394.000,NaN
395.000,NaN
396.000,NaN
397.000,NaN
398.000,NaN
399.000,NaN
400.000,NaN
401.000,NaN
402.000,1.015
403.000,0.995
404.000,0.793
405.000,0.823
406.000,0.716
407.000,0.736
408.000,0.642
409.000,0.533
410.000,0.459
411.000,0.434
412.000,0.384
413.000,0.364
414.000,0.352
415.000,0.311
416.000,0.321
417.000,0.312
418.000,0.310
419.000,0.298
420.000,0.308
421.000,0.299
422.000,0.299
423.000,0.296
424.000,0.304
425.000,0.302
426.000,0.305
427.000,0.304
428.000,0.306
429.000,0.307
430.000,0.306
431.000,0.309
432.000,0.310
433.000,0.312
434.000,0.311
435.000,0.314
436.000,0.317
437.000,0.317
438.000,0.318
439.000,0.319
440.000,0.317
441.000,0.318
442.000,0.316
443.000,0.313
444.000,0.312
445.000,0.310
446.000,0.309
447.000,0.308
448.000,0.305
449.000,0.304
450.000,0.301
451.000,0.299
452.000,0.296
453.000,0.292
454.000,0.288
455.000,0.283
456.000,0.280
457.000,0.276
458.000,0.270
459.000,0.267
460.000,0.264
461.000,0.259
462.000,0.254
463.000,0.254
464.000,0.251
465.000,0.246
466.000,0.246
467.000,0.242
468.000,0.240
469.000,0.237
470.000,0.233
471.000,0.232
472.000,0.229
473.000,0.226
474.000,0.222
475.000,0.220
476.000,0.217
477.000,0.213
478.000,0.208
479.000,0.208
480.000,0.205
481.000,0.202
482.000,0.199
483.000,0.200
484.000,0.198
485.000,0.197
486.000,0.192
487.000,0.192
488.000,0.194
489.000,0.191
490.000,0.189
491.000,0.186
492.000,0.185
493.000,0.186
494.000,0.184
495.000,0.185
496.000,0.183
497.000,0.184
498.000,0.184
499.000,0.183
500.000,0.183
501.000,0.185
502.000,0.185
503.000,0.184
504.000,0.185
505.000,0.186
506.000,0.185
507.000,0.186
508.000,0.187
509.000,0.188
510.000,0.188
511.000,0.191
512.000,0.191
513.000,0.192
514.000,0.195
515.000,0.195
516.000,0.199
517.000,0.202
518.000,0.205
519.000,0.206
520.000,0.211
521.000,0.215
522.000,0.218
523.000,0.221
524.000,0.223
525.000,0.227
526.000,0.231
527.000,0.236
528.000,0.243
529.000,0.247
530.000,0.252
531.000,0.256
532.000,0.261
533.000,0.266
534.000,0.272
535.000,0.275
536.000,0.281
537.000,0.288
538.000,0.290
539.000,0.299
540.000,0.307
541.000,0.311
542.000,0.317
543.000,0.322
544.000,0.329
545.000,0.333
546.000,0.340
547.000,0.345
548.000,0.351
549.000,0.358
550.000,0.365
551.000,0.373
552.000,0.379
553.000,0.387
554.000,0.394
555.000,0.402
556.000,0.409
557.000,0.418
558.000,0.425
559.000,0.434
560.000,0.444
561.000,0.454
562.000,0.463
563.000,0.473
564.000,0.483
565.000,0.495
566.000,0.508
567.000,0.521
568.000,0.533
569.000,0.545
570.000,0.558
571.000,0.573
572.000,0.588
573.000,0.603
574.000,0.617
575.000,0.637
576.000,0.652
577.000,0.668
578.000,0.684
579.000,0.703
580.000,0.720
581.000,0.737
582.000,0.755
583.000,0.767
584.000,0.775
585.000,0.789
586.000,0.799
587.000,0.806
588.000,0.810
589.000,0.813
590.000,0.813
591.000,0.811
592.000,0.806
593.000,0.798
594.000,0.787
595.000,0.776
596.000,0.758
597.000,0.742
598.000,0.716
599.000,0.690
600.000,0.666
601.000,0.633
602.000,0.606
603.000,0.576
604.000,0.544
605.000,0.511
606.000,0.482
607.000,0.451
608.000,0.421
609.000,0.393
610.000,0.363
611.000,0.337
612.000,0.311
613.000,0.286
614.000,0.264
615.000,0.242
616.000,0.220
617.000,0.200
618.000,0.182
619.000,0.167
620.000,0.152
621.000,0.137
622.000,0.123
623.000,0.111
624.000,0.100
625.000,0.090
626.000,0.083
627.000,0.076
628.000,0.068
629.000,0.060
630.000,0.056
631.000,0.047
632.000,0.044
633.000,0.038
634.000,0.034
635.000,0.034
636.000,0.029
637.000,0.025
638.000,0.022
639.000,0.019
640.000,0.017
641.000,0.016
642.000,0.016
643.000,0.013
644.000,0.013
645.000,0.009
646.000,0.010
647.000,0.008
648.000,0.009
649.000,0.011
650.000,0.007
651.000,0.007
652.000,0.003
653.000,0.005
654.000,0.005
655.000,0.004
656.000,0.001
657.000,0.000
658.000,0.001
659.000,-0.001
660.000,0.003
661.000,0.002
662.000,0.005
663.000,0.000
664.000,0.003
665.000,0.003
666.000,0.005
667.000,0.006
668.000,0.004
669.000,0.005
670.000,0.002
671.000,0.006
672.000,0.000
673.000,0.001
674.000,0.001
675.000,0.004
676.000,0.001
677.000,-0.005
678.000,0.003
679.000,0.001
680.000,0.005
681.000,0.004
682.000,0.006
683.000,0.005
684.000,0.009
685.000,0.013
686.000,0.013
687.000,0.010
688.000,0.010
689.000,0.009
690.000,0.012
691.000,0.015
692.000,0.014
693.000,0.011
694.000,0.009
695.000,0.014
696.000,0.008
697.000,0.014
698.000,0.018
699.000,0.017
700.000,0.018
701.000,0.016
702.000,0.014
703.000,0.018
704.000,0.019
705.000,0.023
706.000,0.018
707.000,0.023
708.000,0.014
709.000,0.018
710.000,0.019
711.000,0.016
712.000,0.012
713.000,0.020
714.000,0.012
715.000,0.017
716.000,0.009
717.000,0.020
718.000,0.020
719.000,0.017
720.000,0.015
721.000,0.007
722.000,0.012
723.000,0.017
724.000,0.010
725.000,0.017
726.000,0.014
727.000,0.016
728.000,0.015
729.000,0.017
730.000,0.015
731.000,0.015
732.000,0.014
733.000,0.014
734.000,0.016
735.000,0.011
736.000,0.015
737.000,0.014
738.000,0.020
739.000,0.018
740.000,0.017
741.000,0.013
742.000,0.023
743.000,0.016
744.000,0.016
745.000,0.022
746.000,0.019
747.000,0.015
748.000,0.019
749.000,0.013
750.000,0.027
751.000,0.023
752.000,0.015
753.000,0.028
754.000,0.025
755.000,0.024
756.000,0.026
757.000,0.025
758.000,0.030
759.000,0.028
760.000,0.034
761.000,0.025
762.000,0.032
763.000,0.029
764.000,0.022
765.000,0.026
766.000,0.024
767.000,0.027
768.000,0.033
769.000,0.036
770.000,0.037
771.000,0.030
772.000,0.029
773.000,0.044
774.000,0.041
775.000,0.035
776.000,0.049
777.000,0.044
778.000,0.043
779.000,0.049
780.000,0.065
781.000,0.057
782.000,0.050
783.000,0.059
784.000,0.065
785.000,0.067
786.000,0.078
787.000,0.044
788.000,0.087
789.000,0.075
790.000,0.072
791.000,0.064
792.000,0.087
793.000,0.076
794.000,0.073
795.000,0.102
796.000,0.073
797.000,0.074
798.000,0.078
799.000,0.079
800.000,0.089
801.000,0.117
802.000,0.088
803.000,0.079
804.000,0.081
805.000,0.086
806.000,0.145
807.000,0.076
808.000,0.087
809.000,0.096
810.000,0.097
811.000,0.086
812.000,0.117
813.000,0.127
814.000,0.123
815.000,0.120
816.000,0.103
817.000,0.106
818.000,0.111
819.000,0.117
820.000,0.152
821.000,0.128
822.000,0.135
823.000,0.161
824.000,0.153
825.000,0.142
826.000,0.160
827.000,0.151
828.000,0.180
829.000,0.263
830.000,0.243
831.000,0.284
832.000,0.228
833.000,0.197
834.000,0.244
835.000,0.233
836.000,0.346
837.000,0.259
838.000,0.273
839.000,0.398
840.000,0.374
841.000,0.362
842.000,0.384
843.000,0.350
844.000,0.426
845.000,0.452
846.000,0.407
847.000,0.408
848.000,0.842
849.000,0.541
850.000,0.775
851.000,0.461
852.000,0.631
853.000,1.178
854.000,0.438
855.000,2.672
856.000,1.265
857.000,1.993
858.000,NaN
859.000,NaN
860.000,NaN
861.000,1.005
862.000,NaN
863.000,NaN
864.000,NaN
865.000,NaN
866.000,NaN
867.000,NaN
868.000,NaN
869.000,NaN
870.000,NaN
871.000,NaN
872.000,NaN
873.000,NaN
874.000,NaN
875.000,NaN
876.000,NaN
877.000,NaN
878.000,NaN
879.000,NaN
880.000,NaN
881.000,NaN
882.000,NaN
883.000,NaN
884.000,NaN
885.000,NaN
886.000,NaN
887.000,NaN
888.000,NaN
889.000,NaN
890.000,NaN
891.000,NaN
892.000,NaN
893.000,NaN
894.000,NaN
895.000,NaN
896.000,NaN
897.000,NaN
898.000,NaN
899.000,-2.126
900.000,NaN
901.000,NaN
902.000,NaN
903.000,NaN
904.000,-1.389
905.000,NaN
906.000,NaN
907.000,NaN
908.000,NaN
909.000,NaN
910.000,-0.906
911.000,NaN
912.000,NaN
913.000,NaN
914.000,NaN
915.000,NaN
916.000,NaN
917.000,NaN
918.000,NaN
919.000,NaN
920.000,NaN
921.000,-1.633
922.000,NaN
923.000,NaN
924.000,-0.745
925.000,NaN
926.000,NaN
927.000,NaN
928.000,NaN
929.000,NaN
930.000,NaN
931.000,NaN
932.000,NaN
933.000,-1.295
934.000,-1.687
935.000,NaN
936.000,-1.280
937.000,NaN
938.000,NaN
939.000,NaN
940.000,NaN
941.000,NaN
942.000,NaN
943.000,NaN
944.000,NaN
945.000,-1.087
946.000,NaN
947.000,NaN
948.000,-1.502
949.000,NaN
950.000,-1.634
951.000,NaN
952.000,NaN
953.000,NaN
954.000,-0.982
955.000,NaN
956.000,-0.994
957.000,NaN
958.000,-0.715
959.000,NaN
960.000,-1.225
961.000,-2.710
962.000,-1.858
963.000,NaN
964.000,NaN
965.000,-2.654
966.000,-1.330
967.000,-1.450
968.000,NaN
969.000,NaN
970.000,-1.355
971.000,-0.864
972.000,NaN
973.000,-0.861
974.000,-0.677
975.000,NaN
976.000,-1.365
977.000,-0.879
978.000,-0.909
979.000,NaN
980.000,NaN
981.000,NaN
982.000,NaN
983.000,NaN
984.000,NaN
985.000,NaN
986.000,NaN
987.000,-0.668
988.000,NaN
989.000,NaN
990.000,-0.836
991.000,NaN
992.000,-0.788
993.000,NaN
994.000,NaN
995.000,-0.787
996.000,NaN
997.000,NaN
998.000,NaN
999.000,-1.767
1000.000,NaN
